%--------------------------------------------------------------------------
% Coordinates
%--------------------------------------------------------------------------
tap_xyz = 0.0254*[ 0.25	 0.00	0.94
    1.80	0.00	0.94
    3.40	0.00	0.94
    0.25	0.00	0.58
    1.80	0.00	0.58
    3.40	0.00	0.58
    0.25	0.00	0.23
    1.80	0.00	0.23
    3.40	0.00	0.23
    3.61	0.25	0.94
    3.61	1.80	0.94
    3.61	3.40	0.94
    3.61	0.25	0.58
    3.61	1.80	0.58
    3.61	3.40	0.58
    3.61	0.25	0.23
    3.61	1.80	0.23
    3.61	3.40	0.23
    3.40	3.61	0.94
    1.80	3.61	0.94
    0.25	3.61	0.94
    3.40	3.61	0.58
    1.80	3.61	0.58
    0.25	3.61	0.58
    3.40	3.61	0.23
    1.80	3.61	0.23
    0.25	3.61	0.23
    0.00	3.40	0.94
    0.00	1.80	0.94
    0.00	0.25	0.94
    0.00	3.40	0.58
    0.00	1.80	0.58
    0.00	0.25	0.58
    0.00	3.40	0.23
    0.00	1.80	0.23
    0.00	0.25	0.23    
    0.2500    1.5400    2.4400
    0.2500    1.2050    2.2200
    0.2500    0.8700    1.9800
    0.2500    0.5350    1.7400
    0.2500    0.2000    1.5000
    1.0400    1.5400    2.4400
    1.0400    1.2050    2.2200
    1.0400    0.8700    1.9800
    1.0400    0.5350    1.7400
    1.0400    0.2000    1.5000
    1.8300    1.5400    2.4400
    1.8300    1.2050    2.2200
    1.8300    0.8700    1.9800
    1.8300    0.5350    1.7400
    1.8300    0.2000    1.5000
    2.6000    0.8700    1.9800
    2.6000    0.2000    1.5000
    3.3900    0.8700    1.9800
    3.3900    0.2000    1.5000
    0.2500    2.0700    2.4400
    0.2500    2.4050    2.2200
    0.2500    2.7400    1.9800
    0.2500    3.0750    1.7400
    0.2500    3.4100    1.5000
    1.0400    2.0700    2.4400
    1.0400    2.4050    2.2200
    1.0400    2.7400    1.9800
    1.0400    3.0750    1.7400
    1.0400    3.4100    1.5000
    1.8300    2.0700    2.4400
    1.8300    2.4050    2.2200
    1.8300    2.7400    1.9800
    1.8300    3.0750    1.7400
    1.8300    3.4100    1.5000
    2.6000    2.7400    1.9800
    2.6000    3.4100    1.5000
    3.3900    2.7400    1.9800
    3.3900    3.4100    1.5000
    0.6400    1.5400    2.4400
    0.6400    1.2050    2.2200
    0.6400    0.8700    1.9800
    0.6400    0.5350    1.7400
    0.6400    0.2000    1.5000
    3.6100    1.2000    1.5800
    3.6100    1.8000    1.5800
    3.6100    2.4000    1.5800
    3.6100    1.6000    2.0300
    3.6100    2.0000    2.0300
         0    1.2000    1.5800
         0    1.8000    1.5800
         0    2.4000    1.5800
         0    1.6000    2.0300
         0    2.0000    2.0300];